Mohamed 3 0 0 3
lool 13 0 0 13
seif 0 8 0 8
seif 0 8 2 10
seif 2 8 2 12
bahnasy 0 19 0 19
bahnasy 0 19 11 30
bahnasy 23 19 11 53
Kandeel 0 0 0 0
Kandeel 0 0 60 60
Kandeel 0 45 60 105
Kandeel 13 45 60 118
kjahaf 0 0 1 1
kjahaf 0 14 1 15
kjahaf 6 14 1 21
mohanad 11 0 0 11
mohanad 11 0 4 15
mohanad 11 14 4 29
 9 0 0 9
 4 0 0 4
 3 0 0 3
 0 0 0 0
 0 0 0 0
 0 0 0 0
 47 0 0 47
 2 0 0 2
 4 0 0 4
 8 0 0 8
 38 0 0 38
 16 0 0 16
 1 0 0 1
 0 0 0 0
 2 0 0 2
 8 0 0 8
 9 0 0 9
 1 0 0 1
 8 0 0 8
 14 0 0 14
 1 0 0 1
 0 0 0 0
 0 0 0 0
 0 0 0 0
 9 0 0 9
 43 0 0 43
 34 0 0 34
 34 0 60 94
 30 0 0 30
 30 0 0 30
 11 0 0 11
 0 0 0 0
 2 0 0 2
